0.000000 0.000000 10.500000 -0.800000 -2.000000 10.200000
0.173889 -0.050022 10.500006 -0.556850 -2.069950 10.200007
0.345219 -0.094036 10.500012 -0.317274 -2.131510 10.200013
0.514059 -0.132145 10.500016 -0.081177 -2.184822 10.200018
0.680476 -0.164451 10.500020 0.151537 -2.230030 10.200022
0.844540 -0.191057 10.500022 0.380963 -2.267275 10.200025
1.006317 -0.212065 10.500024 0.607197 -2.296702 10.200027
1.165878 -0.227577 10.500026 0.830333 -2.318453 10.200029
1.323290 -0.237696 10.500026 1.050468 -2.332672 10.200029
1.478622 -0.242525 10.500026 1.267697 -2.339500 10.200029
1.631942 -0.242166 10.500025 1.482114 -2.339081 10.200029
1.783318 -0.236721 10.500024 1.693817 -2.331558 10.200027
1.932819 -0.226293 10.500023 1.902899 -2.317073 10.200025
2.080514 -0.210984 10.500021 2.109456 -2.295770 10.200023
2.226470 -0.190897 10.500018 2.313584 -2.267792 10.200020
2.370756 -0.166135 10.500015 2.515379 -2.233281 10.200017
2.513441 -0.136799 10.500012 2.714935 -2.192381 10.200014
2.654593 -0.102992 10.500009 2.912348 -2.145234 10.200010
2.794279 -0.064817 10.500005 3.107713 -2.091983 10.200006
2.932570 -0.022376 10.500002 3.301126 -2.032771 10.200002
3.069532 0.024229 10.499998 3.492682 -1.967742 10.199998
3.205235 0.074894 10.499994 3.682477 -1.897037 10.199994
3.339747 0.129518 10.499991 3.870606 -1.820801 10.199990
3.473136 0.187999 10.499987 4.057164 -1.739175 10.199985
3.605471 0.250232 10.499983 4.242247 -1.652303 10.199981
3.736819 0.316117 10.499980 4.425950 -1.560328 10.199978
3.867250 0.385551 10.499977 4.608369 -1.463392 10.199974
3.996832 0.458430 10.499974 4.789599 -1.361639 10.199971
4.125633 0.534654 10.499971 4.969735 -1.255211 10.199968
4.253722 0.614119 10.499969 5.148873 -1.144252 10.199965
4.381166 0.696722 10.499967 5.327109 -1.028904 10.199963
4.508035 0.782362 10.499965 5.504537 -0.909310 10.199961
4.634397 0.870936 10.499964 5.681253 -0.785613 10.199960
4.760320 0.962342 10.499964 5.857352 -0.657956 10.199960
4.885873 1.056476 10.499964 6.032930 -0.526482 10.199960
5.011123 1.153237 10.499965 6.208083 -0.391334 10.199961
5.136140 1.252522 10.499967 6.382905 -0.252655 10.199962
5.260992 1.354228 10.499969 6.557492 -0.110588 10.199965
5.385747 1.458254 10.499972 6.731940 0.034725 10.199968
5.510473 1.564496 10.499976 6.906343 0.183140 10.199972
5.635240 1.672853 10.499981 7.080798 0.334514 10.199978
5.760114 1.783221 10.499986 7.255399 0.488706 10.199984
5.885166 1.895498 10.499993 7.430243 0.645571 10.199992
6.010462 2.009583 10.500001 7.605424 0.804966 10.200000
6.135957 2.125377 10.500009 7.780899 0.966757 10.200010
6.261242 2.242804 10.500019 7.956118 1.130833 10.200021
6.385841 2.361789 10.500029 8.130414 1.297090 10.200032
6.509277 2.482257 10.500040 8.303124 1.465425 10.200044
6.631071 2.604134 10.500051 8.473579 1.635733 10.200056
6.750748 2.727346 10.500061 8.641117 1.807912 10.200068
6.867829 2.851817 10.500072 8.805069 1.981856 10.200080
6.981838 2.977475 10.500081 8.964771 2.157462 10.200091
7.092297 3.104243 10.500091 9.119558 2.334627 10.200101
7.198730 3.232048 10.500099 9.268763 2.513246 10.200110
7.300659 3.360816 10.500105 9.411721 2.693216 10.200118
7.397606 3.490471 10.500111 9.547766 2.874433 10.200124
7.489095 3.620940 10.500115 9.676233 3.056792 10.200129
7.574648 3.752148 10.500116 9.796456 3.240191 10.200131
7.653789 3.884020 10.500116 9.907769 3.424525 10.200131
7.726039 4.016483 10.500113 10.009507 3.609691 10.200128
7.790923 4.149461 10.500108 10.101003 3.795584 10.200122
7.847962 4.282881 10.500100 10.181593 3.982101 10.200113
7.896679 4.416667 10.500089 10.250611 4.169137 10.200101
7.936597 4.550746 10.500075 10.307391 4.356590 10.200085
7.967240 4.685042 10.500057 10.351268 4.544355 10.200066
7.988129 4.819482 10.500035 10.381575 4.732328 10.200042
7.998788 4.953991 10.500010 10.397647 4.920406 10.200013
7.998783 5.088496 10.499980 10.398860 5.108486 10.199980
7.988202 5.222925 10.499947 10.385261 5.296468 10.199943
7.967481 5.357214 10.499910 10.357447 5.484261 10.199903
7.937058 5.491295 10.499872 10.316034 5.671771 10.199860
7.897375 5.625101 10.499833 10.261635 5.858907 10.199816
7.848871 5.758567 10.499794 10.194864 6.045575 10.199772
7.791987 5.891625 10.499755 10.116334 6.231681 10.199728
7.727162 6.024210 10.499717 10.026661 6.417135 10.199686
7.654837 6.156254 10.499682 9.926457 6.601842 10.199646
7.575452 6.287691 10.499650 9.816338 6.785711 10.199610
7.489447 6.418455 10.499623 9.696916 6.968647 10.199578
7.397263 6.548479 10.499600 9.568806 7.150559 10.199552
7.299339 6.677696 10.499583 9.432622 7.331354 10.199533
7.196115 6.806040 10.499573 9.288978 7.510938 10.199520
7.088033 6.933445 10.499570 9.138488 7.689220 10.199516
6.975531 7.059843 10.499575 8.981765 7.866106 10.199521
6.859050 7.185168 10.499590 8.819424 8.041503 10.199537
6.739031 7.309355 10.499615 8.652080 8.215319 10.199564
6.615912 7.432335 10.499651 8.480344 8.387461 10.199603
6.490136 7.554043 10.499699 8.304833 8.557836 10.199655
6.362141 7.674413 10.499759 8.126160 8.726352 10.199721
6.232367 7.793377 10.499833 7.944938 8.892915 10.199803
6.101256 7.910868 10.499922 7.761782 9.057434 10.199900
5.969246 8.026822 10.500026 7.577305 9.219814 10.200015
5.836649 8.141139 10.500144 7.391984 9.379930 10.200147
5.703515 8.253659 10.500276 7.205911 9.537564 10.200293
5.569863 8.364216 10.500419 7.019112 9.692482 10.200452
5.435712 8.472640 10.500569 6.831613 9.844449 10.200620
5.301081 8.578765 10.500726 6.643442 9.993231 10.200795
5.165989 8.682423 10.500885 6.454624 10.138595 10.200974
5.030455 8.783445 10.501046 6.265185 10.280307 10.201155
4.894498 8.881664 10.501205 6.075152 10.418131 10.201334
4.758136 8.976912 10.501360 5.884551 10.551834 10.201509
4.621389 9.069022 10.501509 5.693408 10.681182 10.201677
4.484276 9.157826 10.501649 5.501750 10.805941 10.201835
4.346815 9.243155 10.501778 5.309604 10.925876 10.201982
4.209026 9.324842 10.501893 5.116994 11.040754 10.202113
4.070927 9.402720 10.501993 4.923949 11.150340 10.202227
3.932538 9.476620 10.502073 4.730493 11.254400 10.202321
3.793876 9.546376 10.502133 4.536654 11.352701 10.202392
3.654962 9.611818 10.502170 4.342457 11.445007 10.202437
3.515814 9.672779 10.502181 4.147930 11.531085 10.202453
3.376450 9.729092 10.502164 3.953097 11.610701 10.202438
3.236891 9.780588 10.502117 3.757987 11.683621 10.202390
3.097155 9.827100 10.502037 3.562624 11.749610 10.202305
2.957260 9.868461 10.501921 3.367035 11.808435 10.202180
2.817226 9.904502 10.501768 3.171248 11.859860 10.202014
2.677072 9.935055 10.501574 2.975287 11.903653 10.201803
2.536816 9.959953 10.501338 2.779179 11.939579 10.201545
2.396478 9.979028 10.501057 2.582950 11.967404 10.201237
2.256076 9.992113 10.500729 2.386628 11.986893 10.200876
2.115629 9.999039 10.500350 2.190238 11.997813 10.200459
1.975157 9.999638 10.499920 1.993806 11.999930 10.199984
1.834679 9.993840 10.499438 1.797359 11.993100 10.199451
1.694215 9.981800 10.498912 1.600928 11.977512 10.198867
1.553786 9.963706 10.498351 1.404540 11.953429 10.198242
1.413415 9.939747 10.497764 1.208226 11.921115 10.197586
1.273120 9.910112 10.497159 1.012015 11.880833 10.196909
1.132925 9.874990 10.496545 0.815938 11.832848 10.196220
0.992849 9.834569 10.495931 0.620023 11.777422 10.195531
0.852914 9.789038 10.495326 0.424300 11.714819 10.194849
0.713141 9.738585 10.494739 0.228799 11.645303 10.194186
0.573551 9.683400 10.494178 0.033550 11.569137 10.193551
0.434164 9.623672 10.493652 -0.161418 11.486586 10.192953
0.295002 9.559588 10.493171 -0.356075 11.397912 10.192403
0.156087 9.491338 10.492741 -0.550392 11.303379 10.191911
0.017437 9.419110 10.492374 -0.744339 11.203251 10.191486
-0.120924 9.343093 10.492076 -0.937886 11.097791 10.191139
-0.258976 9.263476 10.491858 -1.131004 10.987264 10.190878
-0.396698 9.180448 10.491727 -1.323663 10.871931 10.190715
-0.534070 9.094197 10.491693 -1.515834 10.752058 10.190658
-0.671069 9.004912 10.491765 -1.707486 10.627908 10.190717
-0.807675 8.912781 10.491950 -1.898591 10.499744 10.190903
-0.943867 8.817994 10.492259 -2.089118 10.367830 10.191225
-1.079625 8.720740 10.492699 -2.279038 10.232429 10.191694
-1.214926 8.621206 10.493279 -2.468322 10.093806 10.192318
-1.349750 8.519581 10.494009 -2.656939 9.952223 10.193108
-1.484075 8.416055 10.494897 -2.844860 9.807944 10.194073
-1.617882 8.310816 10.495952 -3.032056 9.661233 10.195224
-1.751148 8.204053 10.497183 -3.218497 9.512354 10.196570
-1.883854 8.095954 10.498597 -3.404152 9.361570 10.198121
-2.015976 7.986709 10.500205 -3.588994 9.209144 10.199888
-2.147400 7.876443 10.502003 -3.772912 9.055289 10.201870
-2.277738 7.765112 10.503952 -3.955420 8.899971 10.204032
-2.406560 7.652638 10.506008 -4.135916 8.743082 10.206323
-2.533434 7.538947 10.508127 -4.313801 8.584515 10.208693
-2.657928 7.423963 10.510266 -4.488472 8.424162 10.211095
-2.779611 7.307609 10.512379 -4.659330 8.261916 10.213477
-2.898050 7.189809 10.514423 -4.825774 8.097668 10.215791
-3.012814 7.070489 10.516354 -4.987204 7.931313 10.217988
-3.123471 6.949571 10.518127 -5.143017 7.762741 10.220017
-3.229590 6.826981 10.519698 -5.292615 7.591846 10.221829
-3.330738 6.702642 10.521024 -5.435396 7.418519 10.223376
-3.426485 6.576478 10.522060 -5.570759 7.242654 10.224606
-3.516397 6.448414 10.522762 -5.698103 7.064143 10.225472
-3.600045 6.318374 10.523086 -5.816829 6.882878 10.225923
-3.676995 6.186281 10.522987 -5.926335 6.698752 10.225911
-3.746817 6.052060 10.522422 -6.026021 6.511657 10.225385
-3.809078 5.915636 10.521347 -6.115286 6.321486 10.224296
-3.863347 5.776932 10.519717 -6.193529 6.128131 10.222595
-3.909192 5.635872 10.517488 -6.260149 5.931484 10.220233
-3.946181 5.492380 10.514616 -6.314547 5.731438 10.217159
-3.973883 5.346382 10.511057 -6.356120 5.527886 10.213325
-3.991865 5.197800 10.506767 -6.384269 5.320719 10.208681
-3.999697 5.046559 10.501702 -6.398393 5.109831 10.203178
-3.996995 4.892623 10.495829 -6.397914 4.895133 10.196770
-3.983894 4.736370 10.489242 -6.382828 4.677004 10.189526
-3.960834 4.578429 10.482109 -6.353722 4.456307 10.181629
-3.928261 4.419430 10.474600 -6.311211 4.233929 10.173269
-3.886620 4.260003 10.466882 -6.255913 4.010757 10.164636
-3.836357 4.100779 10.459127 -6.188441 3.787675 10.155919
-3.777917 3.942389 10.451502 -6.109412 3.565570 10.147307
-3.711746 3.785462 10.444177 -6.019442 3.345329 10.138991
-3.638288 3.630630 10.437321 -5.919145 3.127838 10.131160
-3.557991 3.478523 10.431104 -5.809138 2.913982 10.124003
-3.471298 3.329772 10.425695 -5.690036 2.704648 10.117710
-3.378656 3.185007 10.421262 -5.562454 2.500722 10.112470
-3.280509 3.044859 10.417975 -5.427009 2.303091 10.108474
-3.177304 2.909958 10.416003 -5.284316 2.112640 10.105910
-3.069485 2.780934 10.415516 -5.134990 1.930256 10.104968
-2.957499 2.658420 10.416682 -4.979647 1.756824 10.105838
-2.841791 2.543044 10.419671 -4.818902 1.593232 10.108709
-2.722805 2.435437 10.424652 -4.653372 1.440364 10.113772
-2.600988 2.336231 10.431794 -4.483672 1.299108 10.121214
-2.476785 2.246056 10.441266 -4.310417 1.170349 10.131226
-2.350641 2.165541 10.453238 -4.134223 1.054974 10.143998
-2.223002 2.095318 10.467879 -3.955706 0.953869 10.159719
-2.094314 2.036018 10.485357 -3.775480 0.867919 10.178579
-1.965019 1.988266 10.505842 -3.594163 0.798012 10.200767
-1.835415 1.952336 10.529368 -3.412255 0.744754 10.226391
-1.705525 1.927846 10.555731 -3.229849 0.707736 10.255266
-1.575343 1.914345 10.584698 -3.046941 0.686320 10.287139
-1.444864 1.911382 10.616039 -2.863530 0.679867 10.321758
-1.314082 1.918506 10.649522 -2.679612 0.687739 10.358869
-1.182993 1.935267 10.684915 -2.495187 0.709296 10.398219
-1.051590 1.961212 10.721987 -2.310250 0.743900 10.439557
-0.919868 1.995892 10.760505 -2.124801 0.790913 10.482628
-0.787822 2.038856 10.800240 -1.938835 0.849695 10.527181
-0.655446 2.089651 10.840958 -1.752352 0.919607 10.572963
-0.522736 2.147828 10.882429 -1.565349 1.000012 10.619721
-0.389684 2.212936 10.924421 -1.377823 1.090271 10.667201
-0.256287 2.284522 10.966702 -1.189772 1.189744 10.715152
-0.122537 2.362138 11.009041 -1.001194 1.297793 10.763321
0.011569 2.445330 11.051206 -0.812086 1.413779 10.811454
0.146037 2.533650 11.092966 -0.622446 1.537064 10.859300
0.280873 2.626645 11.134089 -0.432272 1.667008 10.906605
0.416083 2.723864 11.174344 -0.241560 1.802973 10.953116
0.551671 2.824857 11.213498 -0.050310 1.944321 10.998581
0.687644 2.929173 11.251322 0.141483 2.090413 11.042747
0.824006 3.036360 11.287582 0.333819 2.240609 11.085362
0.960764 3.145968 11.322048 0.526701 2.394272 11.126172
1.097922 3.257546 11.354487 0.720132 2.550762 11.164924
1.235486 3.370642 11.384669 0.914115 2.709441 11.201367
1.373461 3.484807 11.412362 1.108650 2.869670 11.235246
1.511853 3.599588 11.437333 1.303742 3.030810 11.266311
1.650668 3.714535 11.459353 1.499391 3.192223 11.294307
1.789911 3.829197 11.478188 1.695601 3.353269 11.318981
1.929586 3.943123 11.493608 1.892375 3.513311 11.340082
2.069696 4.055868 11.505389 2.089709 3.671717 11.357362
2.210145 4.167146 11.513475 2.287476 3.828064 11.370745
2.350739 4.276825 11.517984 2.485406 3.982169 11.380344
2.491278 4.384784 11.519040 2.683223 4.133858 11.386284
2.631566 4.490898 11.516767 2.880650 4.282959 11.388689
2.771403 4.595045 11.511290 3.077408 4.429300 11.387685
2.910592 4.697103 11.502733 3.273221 4.572707 11.383395
3.048934 4.796947 11.491220 3.467812 4.713009 11.375944
3.186231 4.894455 11.476875 3.660904 4.850033 11.365457
3.322285 4.989504 11.459824 3.852219 4.983606 11.352058
3.456897 5.081971 11.440189 4.041481 5.113556 11.335871
3.589869 5.171733 11.418096 4.228411 5.239710 11.317022
3.721003 5.258666 11.393669 4.412734 5.361896 11.295635
3.850100 5.342649 11.367032 4.594171 5.479942 11.271833
3.976962 5.423557 11.338310 4.772446 5.593674 11.245742
4.101392 5.501268 11.307626 4.947282 5.702921 11.217487
4.223190 5.575659 11.275105 5.118401 5.807509 11.187191
4.342158 5.646607 11.240872 5.285526 5.907267 11.154979
4.458099 5.713989 11.205050 5.448380 6.002022 11.120977
4.570813 5.777681 11.167765 5.606687 6.091600 11.085307
4.680103 5.837561 11.129139 5.760168 6.175831 11.048095
4.785770 5.893506 11.089299 5.908547 6.254540 11.009466
4.887616 5.945392 11.048367 6.051546 6.327557 10.969543
4.985442 5.993098 11.006469 6.188888 6.394707 10.928452
5.079051 6.036499 10.963728 6.320297 6.455819 10.886316
5.168244 6.075472 10.920269 6.445494 6.510721 10.843261
5.252823 6.109896 10.876217 6.564204 6.559239 10.799410
5.332590 6.139646 10.831695 6.676148 6.601201 10.754889
5.407345 6.164600 10.786827 6.781050 6.636435 10.709822
5.476892 6.184634 10.741739 6.878632 6.664768 10.664334
5.541031 6.199626 10.696555 6.968617 6.686027 10.618548
5.599565 6.209453 10.651398 7.050729 6.700041 10.572590
5.652295 6.213991 10.606393 7.124689 6.706636 10.526583
5.699023 6.213118 10.561665 7.190221 6.705640 10.480653
5.739550 6.206710 10.517338 7.247048 6.696881 10.434925
5.773678 6.194645 10.473535 7.294893 6.680185 10.389521
5.801210 6.176800 10.430382 7.333477 6.655381 10.344568
5.821946 6.153051 10.388003 7.362525 6.622297 10.300189
5.835689 6.123275 10.346522 7.381759 6.580758 10.256509
5.842240 6.087350 10.306063 7.390902 6.530594 10.213653
5.841401 6.045153 10.266751 7.389676 6.471631 10.171745
5.832973 5.996560 10.228709 7.377805 6.403697 10.130909
5.816758 5.941449 10.192063 7.355011 6.326619 10.091270
5.792559 5.879696 10.156937 7.321018 6.240226 10.052953
5.760176 5.811179 10.123454 7.275548 6.144343 10.016083
5.719412 5.735774 10.091740 7.218323 6.038800 9.980783
5.670068 5.653358 10.061918 7.149068 5.923423 9.947178
5.611946 5.563809 10.034113 7.067504 5.798040 9.915392
5.544848 5.467003 10.008450 6.973354 5.662478 9.885551
5.468574 5.362818 9.985051 6.866342 5.516565 9.857779
5.382928 5.251130 9.964043 6.746190 5.360128 9.832199
5.287711 5.131816 9.945548 6.612621 5.192995 9.808938
5.182724 5.004754 9.929693 6.465358 5.014993 9.788119
5.067769 4.869820 9.916599 6.304124 4.825950 9.769866
4.942648 4.726891 9.906393 6.128641 4.625694 9.754305
4.807163 4.575845 9.899198 5.938633 4.414051 9.741560
4.661115 4.416558 9.895139 5.733822 4.190849 9.731754
4.504307 4.248908 9.894340 5.513931 3.955916 9.725014
4.336539 4.072770 9.896926 5.278683 3.709079 9.721463
4.157613 3.888023 9.903020 5.027801 3.450166 9.721226
3.967332 3.694543 9.912747 4.761007 3.179004 9.724427
3.765497 3.492208 9.926231 4.478025 2.895421 9.731191
3.551909 3.280893 9.943596 4.178578 2.599243 9.741643
3.326371 3.060477 9.964968 3.862387 2.290300 9.755906
3.088684 2.830836 9.990470 3.529177 1.968417 9.774106
2.838649 2.591847 10.020226 3.178669 1.633423 9.796367
2.576070 2.343388 10.054362 2.810587 1.285145 9.822813
2.300746 2.085334 10.093000 2.424654 0.923411 9.853569
2.012480 1.817564 10.136266 2.020592 0.548048 9.888760
1.711074 1.539954 10.184284 1.598124 0.158883 9.928509
1.396330 1.252381 10.237177 1.156974 -0.244255 9.972942
1.068048 0.954722 10.295072 0.696863 -0.661540 10.022183
0.726032 0.646854 10.358091 0.217516 -1.093145 10.076357
0.370082 0.328655 10.426359 -0.281346 -1.539240 10.135588
-0.000000 0.000000 10.500000 -0.800000 -2.000000 10.200000
