0.000000 0.000000 10.500000 0.000000 -1.500000 10.200000
0.063647 -0.025324 10.500000 0.095470 -1.537986 10.200000
0.127580 -0.048774 10.500000 0.191370 -1.573160 10.200000
0.191777 -0.070368 10.500000 0.287666 -1.605552 10.200000
0.256215 -0.090126 10.500000 0.384323 -1.635189 10.200000
0.320870 -0.108067 10.500000 0.481306 -1.662101 10.200000
0.385720 -0.124210 10.500000 0.578580 -1.686316 10.200000
0.450740 -0.138574 10.500000 0.676111 -1.707862 10.200000
0.515909 -0.151178 10.500000 0.773863 -1.726768 10.200000
0.581202 -0.162041 10.500000 0.871803 -1.743062 10.200000
0.646597 -0.171183 10.500000 0.969895 -1.756774 10.200000
0.712070 -0.178621 10.500000 1.068105 -1.767931 10.200000
0.777598 -0.184376 10.500000 1.166397 -1.776563 10.200000
0.843159 -0.188465 10.500000 1.264738 -1.782698 10.200000
0.908728 -0.190909 10.500000 1.363092 -1.786364 10.200000
0.974283 -0.191727 10.500000 1.461425 -1.787590 10.200000
1.039801 -0.190937 10.500000 1.559702 -1.786405 10.200000
1.105258 -0.188558 10.500000 1.657888 -1.782837 10.200000
1.170632 -0.184610 10.500000 1.755948 -1.776915 10.200000
1.235898 -0.179111 10.500000 1.853848 -1.768667 10.200000
1.301035 -0.172081 10.500000 1.951552 -1.758122 10.200000
1.366018 -0.163539 10.500000 2.049027 -1.745308 10.200000
1.430825 -0.153503 10.500000 2.146237 -1.730255 10.200000
1.495432 -0.141993 10.500000 2.243148 -1.712990 10.200000
1.559817 -0.129028 10.500000 2.339725 -1.693542 10.200000
1.623955 -0.114627 10.500000 2.435933 -1.671941 10.200000
1.687825 -0.098809 10.500000 2.531738 -1.648213 10.200000
1.751403 -0.081592 10.500000 2.627104 -1.622389 10.200000
1.814665 -0.062997 10.500000 2.721997 -1.594495 10.200000
1.877588 -0.043042 10.500000 2.816382 -1.564562 10.200000
1.940150 -0.021745 10.500000 2.910225 -1.532618 10.200000
2.002327 0.000873 10.500000 3.003490 -1.498691 10.200000
2.064096 0.024794 10.500000 3.096143 -1.462810 10.200000
2.125433 0.049998 10.500000 3.188150 -1.425003 10.200000
2.186316 0.076467 10.500000 3.279475 -1.385299 10.200000
2.246722 0.104182 10.500000 3.370083 -1.343726 10.200000
2.306627 0.133124 10.500000 3.459941 -1.300314 10.200000
2.366008 0.163273 10.500000 3.549013 -1.255090 10.200000
2.424843 0.194611 10.500000 3.637264 -1.208084 10.200000
2.483106 0.227118 10.500000 3.724660 -1.159323 10.200000
2.540777 0.260775 10.500000 3.811166 -1.108837 10.200000
2.597831 0.295564 10.500000 3.896747 -1.056654 10.200000
2.654246 0.331465 10.500000 3.981368 -1.002802 10.200000
2.709997 0.368460 10.500000 4.064996 -0.947311 10.200000
2.765063 0.406528 10.500000 4.147594 -0.890208 10.200000
2.819419 0.445652 10.500000 4.229128 -0.831522 10.200000
2.873043 0.485812 10.500000 4.309564 -0.771282 10.200000
2.925911 0.526989 10.500000 4.388867 -0.709517 10.200000
2.978001 0.569164 10.500000 4.467002 -0.646255 10.200000
3.029289 0.612317 10.500000 4.543934 -0.581524 10.200000
3.079752 0.656431 10.500000 4.619628 -0.515353 10.200000
3.129367 0.701486 10.500000 4.694050 -0.447771 10.200000
3.178110 0.747462 10.500000 4.767166 -0.378807 10.200000
3.225959 0.794341 10.500000 4.838939 -0.308488 10.200000
3.272891 0.842104 10.500000 4.909336 -0.236844 10.200000
3.318881 0.890732 10.500000 4.978322 -0.163902 10.200000
3.363908 0.940205 10.500000 5.045862 -0.089693 10.200000
3.407947 0.990505 10.500000 5.111921 -0.014243 10.200000
3.450976 1.041612 10.500000 5.176464 0.062418 10.200000
3.492972 1.093508 10.500000 5.239457 0.140261 10.200000
3.533911 1.146173 10.500000 5.300866 0.219259 10.200000
3.573770 1.199588 10.500000 5.360654 0.299382 10.200000
3.612526 1.253735 10.500000 5.418789 0.380602 10.200000
3.650156 1.308594 10.500000 5.475234 0.462891 10.200000
3.686636 1.364146 10.500000 5.529955 0.546219 10.200000
3.721945 1.420372 10.500000 5.582917 0.630559 10.200000
3.756057 1.477254 10.500000 5.634086 0.715881 10.200000
3.788951 1.534772 10.500000 5.683426 0.802157 10.200000
3.820603 1.592906 10.500000 5.730904 0.889359 10.200000
3.850989 1.651639 10.500000 5.776484 0.977458 10.200000
3.880088 1.710950 10.500000 5.820132 1.066425 10.200000
3.907875 1.770821 10.500000 5.861812 1.156232 10.200000
3.934327 1.831234 10.500000 5.901490 1.246850 10.200000
3.959421 1.892167 10.500000 5.939132 1.338251 10.200000
3.983135 1.953604 10.500000 5.974703 1.430406 10.200000
4.005445 2.015524 10.500000 6.008167 1.523287 10.200000
4.026334 2.077906 10.500000 6.039501 1.616859 10.200000
4.045803 2.140720 10.500000 6.068704 1.711080 10.200000
4.063851 2.203937 10.500000 6.095776 1.805905 10.200000
4.080478 2.267528 10.500000 6.120717 1.901291 10.200000
4.095685 2.331462 10.500000 6.143528 1.997193 10.200000
4.109473 2.395712 10.500000 6.164209 2.093567 10.200000
4.121841 2.460246 10.500000 6.182761 2.190369 10.200000
4.132790 2.525036 10.500000 6.199184 2.287554 10.200000
4.142320 2.590052 10.500000 6.213479 2.385078 10.200000
4.150431 2.655265 10.500000 6.225646 2.482897 10.200000
4.157124 2.720645 10.500000 6.235686 2.580967 10.200000
4.162399 2.786162 10.500000 6.243599 2.679243 10.200000
4.166257 2.851788 10.500000 6.249385 2.777682 10.200000
4.168697 2.917492 10.500000 6.253045 2.876238 10.200000
4.169720 2.983246 10.500000 6.254580 2.974869 10.200000
4.169327 3.049019 10.500000 6.253990 3.073529 10.200000
4.167517 3.114783 10.500000 6.251276 3.172174 10.200000
4.164291 3.180507 10.500000 6.246437 3.270761 10.200000
4.159650 3.246163 10.500000 6.239475 3.369244 10.200000
4.153593 3.311720 10.500000 6.230390 3.467580 10.200000
4.146121 3.377150 10.500000 6.219182 3.565724 10.200000
4.137235 3.442422 10.500000 6.205852 3.663633 10.200000
4.126934 3.507508 10.500000 6.190400 3.761262 10.200000
4.115218 3.572377 10.500000 6.172827 3.858566 10.200000
4.102089 3.637001 10.500000 6.153134 3.955502 10.200000
4.087547 3.701350 10.500000 6.131320 4.052025 10.200000
4.071591 3.765394 10.500000 6.107387 4.148091 10.200000
4.054223 3.829104 10.500000 6.081334 4.243656 10.200000
4.035442 3.892451 10.500000 6.053162 4.338676 10.200000
4.015248 3.955404 10.500000 6.022872 4.433106 10.200000
3.993643 4.017935 10.500000 5.990465 4.526902 10.200000
3.970634 4.080016 10.500000 5.955951 4.620024 10.200000
3.946242 4.141626 10.500000 5.919363 4.712438 10.200000
3.920490 4.202741 10.500000 5.880735 4.804111 10.200000
3.893399 4.263340 10.500000 5.840098 4.895010 10.200000
3.864992 4.323401 10.500000 5.797488 4.985102 10.200000
3.835292 4.382902 10.500000 5.752938 5.074353 10.200000
3.804320 4.441820 10.500000 5.706481 5.162730 10.200000
3.772100 4.500134 10.500000 5.658150 5.250201 10.200000
3.738653 4.557822 10.500000 5.607980 5.336733 10.200000
3.704002 4.614861 10.500000 5.556003 5.422291 10.200000
3.668169 4.671229 10.500000 5.502253 5.506844 10.200000
3.631176 4.726905 10.500000 5.446764 5.590358 10.200000
3.593046 4.781866 10.500000 5.389569 5.672799 10.200000
3.553801 4.836090 10.500000 5.330701 5.754135 10.200000
3.513463 4.889556 10.500000 5.270195 5.834334 10.200000
3.472055 4.942240 10.500000 5.208083 5.913360 10.200000
3.429600 4.994122 10.500000 5.144400 5.991182 10.200000
3.386118 5.045178 10.500000 5.079178 6.067767 10.200000
3.341634 5.095387 10.500000 5.012451 6.143081 10.200000
3.296169 5.144727 10.500000 4.944253 6.217091 10.200000
3.249745 5.193176 10.500000 4.874617 6.289764 10.200000
3.202384 5.240712 10.500000 4.803576 6.361067 10.200000
3.154110 5.287312 10.500000 4.731165 6.430967 10.200000
3.104944 5.332954 10.500000 4.657417 6.499431 10.200000
3.054909 5.377617 10.500000 4.582364 6.566426 10.200000
3.004027 5.421279 10.500000 4.506041 6.631918 10.200000
2.952321 5.463916 10.500000 4.428482 6.695875 10.200000
2.899812 5.505508 10.500000 4.349718 6.758263 10.200000
2.846524 5.546033 10.500000 4.269786 6.819049 10.200000
2.792477 5.585467 10.500000 4.188716 6.878200 10.200000
2.737696 5.623789 10.500000 4.106544 6.935684 10.200000
2.682202 5.660978 10.500000 4.023303 6.991467 10.200000
2.626017 5.697010 10.500000 3.939025 7.045515 10.200000
2.569164 5.731864 10.500000 3.853745 7.097796 10.200000
2.511665 5.765518 10.500000 3.767497 7.148277 10.200000
2.453542 5.797950 10.500000 3.680313 7.196925 10.200000
2.394818 5.829137 10.500000 3.592227 7.243706 10.200000
2.335515 5.859058 10.500000 3.503273 7.288587 10.200000
2.275656 5.887691 10.500000 3.413484 7.331536 10.200000
2.215262 5.915012 10.500000 3.322893 7.372519 10.200000
2.154357 5.941002 10.500000 3.231535 7.411503 10.200000
2.092962 5.965636 10.500000 3.139443 7.448455 10.200000
2.031099 5.988894 10.500000 3.046649 7.483341 10.200000
1.968792 6.010754 10.500000 2.953188 7.516131 10.200000
1.906065 6.031204 10.500000 2.859098 7.546806 10.200000
1.842946 6.050244 10.500000 2.764420 7.575365 10.200000
1.779463 6.067873 10.500000 2.669194 7.601810 10.200000
1.715643 6.084092 10.500000 2.573464 7.626138 10.200000
1.651514 6.098900 10.500000 2.477270 7.648350 10.200000
1.587103 6.112297 10.500000 2.380655 7.668446 10.200000
1.522439 6.124283 10.500000 2.283658 7.686424 10.200000
1.457549 6.134857 10.500000 2.186324 7.702286 10.200000
1.392461 6.144020 10.500000 2.088691 7.716030 10.200000
1.327202 6.151771 10.500000 1.990804 7.727656 10.200000
1.261801 6.158110 10.500000 1.892702 7.737165 10.200000
1.196285 6.163036 10.500000 1.794428 7.744554 10.200000
1.130682 6.166550 10.500000 1.696022 7.749826 10.200000
1.065019 6.168652 10.500000 1.597528 7.752978 10.200000
0.999324 6.169340 10.500000 1.498985 7.754010 10.200000
0.933625 6.168615 10.500000 1.400437 7.752923 10.200000
0.867949 6.166477 10.500000 1.301924 7.749716 10.200000
0.802325 6.162926 10.500000 1.203488 7.744389 10.200000
0.736780 6.157961 10.500000 1.105170 7.736941 10.200000
0.671342 6.151581 10.500000 1.007013 7.727372 10.200000
0.606038 6.143788 10.500000 0.909057 7.715682 10.200000
0.540896 6.134580 10.500000 0.811344 7.701870 10.200000
0.475944 6.123957 10.500000 0.713916 7.685936 10.200000
0.411210 6.111920 10.500000 0.616815 7.667880 10.200000
0.346721 6.098468 10.500000 0.520082 7.647702 10.200000
0.282505 6.083600 10.500000 0.423758 7.625401 10.200000
0.218590 6.067317 10.500000 0.327885 7.600976 10.200000
0.155004 6.049619 10.500000 0.232505 7.574428 10.200000
0.091773 6.030504 10.500000 0.137660 7.545756 10.200000
0.028927 6.009974 10.500000 0.043390 7.514960 10.200000
-0.033508 5.988027 10.500000 -0.050262 7.482041 10.200000
-0.095506 5.964677 10.500000 -0.143259 7.447016 10.200000
-0.157044 5.939945 10.500000 -0.235566 7.409918 10.200000
-0.218098 5.913855 10.500000 -0.327146 7.370782 10.200000
-0.278644 5.886427 10.500000 -0.417966 7.329641 10.200000
-0.338660 5.857687 10.500000 -0.507990 7.286530 10.200000
-0.398121 5.827655 10.500000 -0.597182 7.241482 10.200000
-0.457005 5.796354 10.500000 -0.685508 7.194531 10.200000
-0.515288 5.763808 10.500000 -0.772932 7.145712 10.200000
-0.572947 5.730038 10.500000 -0.859420 7.095057 10.200000
-0.629958 5.695068 10.500000 -0.944937 7.042602 10.200000
-0.686297 5.658919 10.500000 -1.029446 6.988379 10.200000
-0.741942 5.621616 10.500000 -1.112913 6.932424 10.200000
-0.796869 5.583179 10.500000 -1.195304 6.874769 10.200000
-0.851054 5.543633 10.500000 -1.276582 6.815449 10.200000
-0.904475 5.502998 10.500000 -1.356712 6.754498 10.200000
-0.957107 5.461299 10.500000 -1.435660 6.691949 10.200000
-1.008927 5.418558 10.500000 -1.513391 6.627837 10.200000
-1.059912 5.374797 10.500000 -1.589868 6.562195 10.200000
-1.110039 5.330039 10.500000 -1.665058 6.495058 10.200000
-1.159283 5.284306 10.500000 -1.738925 6.426459 10.200000
-1.207622 5.237622 10.500000 -1.811434 6.356433 10.200000
-1.255033 5.190008 10.500000 -1.882549 6.285012 10.200000
-1.301490 5.141488 10.500000 -1.952236 6.212232 10.200000
-1.346973 5.092084 10.500000 -2.020459 6.138126 10.200000
-1.391456 5.041819 10.500000 -2.087184 6.062728 10.200000
-1.434916 4.990715 10.500000 -2.152374 5.986072 10.200000
-1.477331 4.938795 10.500000 -2.215996 5.908192 10.200000
-1.518676 4.886081 10.500000 -2.278014 5.829121 10.200000
-1.558928 4.832596 10.500000 -2.338393 5.748895 10.200000
-1.598065 4.778364 10.500000 -2.397097 5.667546 10.200000
-1.636061 4.723405 10.500000 -2.454092 5.585108 10.200000
-1.672894 4.667744 10.500000 -2.509342 5.501616 10.200000
-1.708541 4.611403 10.500000 -2.562812 5.417104 10.200000
-1.742978 4.554403 10.500000 -2.614468 5.331605 10.200000
-1.776182 4.496769 10.500000 -2.664273 5.245153 10.200000
-1.808129 4.438522 10.500000 -2.712194 5.157783 10.200000
-1.838796 4.379685 10.500000 -2.758194 5.069527 10.200000
-1.868159 4.320281 10.500000 -2.802238 4.980421 10.200000
-1.896195 4.260332 10.500000 -2.844293 4.890498 10.200000
-1.922881 4.199862 10.500000 -2.884321 4.799792 10.200000
-1.948193 4.138891 10.500000 -2.922289 4.708337 10.200000
-1.972107 4.077445 10.500000 -2.958161 4.616167 10.200000
-1.994601 4.015544 10.500000 -2.991902 4.523315 10.200000
-2.015653 3.953211 10.500000 -3.023480 4.429817 10.200000
-2.035260 3.890473 10.500000 -3.052890 4.335710 10.200000
-2.053428 3.827355 10.500000 -3.080142 4.241033 10.200000
-2.070164 3.763884 10.500000 -3.105246 4.145826 10.200000
-2.085474 3.700087 10.500000 -3.128212 4.050130 10.200000
-2.099365 3.635989 10.500000 -3.149048 3.953983 10.200000
-2.111844 3.571617 10.500000 -3.167766 3.857425 10.200000
-2.122916 3.506998 10.500000 -3.184374 3.760497 10.200000
-2.132588 3.442158 10.500000 -3.198882 3.663237 10.200000
-2.140866 3.377124 10.500000 -3.211300 3.565686 10.200000
-2.147758 3.311922 10.500000 -3.221637 3.467882 10.200000
-2.153270 3.246578 10.500000 -3.229904 3.369867 10.200000
-2.157407 3.181119 10.500000 -3.236110 3.271679 10.200000
-2.160177 3.115572 10.500000 -3.240265 3.173357 10.200000
-2.161586 3.049962 10.500000 -3.242378 3.074943 10.200000
-2.161640 2.984317 10.500000 -3.242460 2.976475 10.200000
-2.160346 2.918662 10.500000 -3.240519 2.877993 10.200000
-2.157710 2.853025 10.500000 -3.236566 2.779537 10.200000
-2.153740 2.787431 10.500000 -3.230610 2.681146 10.200000
-2.148440 2.721907 10.500000 -3.222661 2.582861 10.200000
-2.141819 2.656480 10.500000 -3.212728 2.484720 10.200000
-2.133881 2.591176 10.500000 -3.200822 2.386764 10.200000
-2.124635 2.526021 10.500000 -3.186952 2.289032 10.200000
-2.114085 2.461042 10.500000 -3.171128 2.191564 10.200000
-2.102239 2.396266 10.500000 -3.153359 2.094399 10.200000
-2.089103 2.331718 10.500000 -3.133655 1.997577 10.200000
-2.074684 2.267426 10.500000 -3.112026 1.901139 10.200000
-2.058988 2.203415 10.500000 -3.088482 1.805123 10.200000
-2.042021 2.139713 10.500000 -3.063032 1.709569 10.200000
-2.023790 2.076345 10.500000 -3.035685 1.614517 10.200000
-2.004302 2.013338 10.500000 -3.006453 1.520007 10.200000
-1.983562 1.950718 10.500000 -2.975344 1.426077 10.200000
-1.961578 1.888513 10.500000 -2.942368 1.332769 10.200000
-1.938356 1.826748 10.500000 -2.907534 1.240122 10.200000
-1.913902 1.765450 10.500000 -2.870853 1.148174 10.200000
-1.888223 1.704645 10.500000 -2.832335 1.056967 10.200000
-1.861325 1.644359 10.500000 -2.791988 0.966539 10.200000
-1.833215 1.584621 10.500000 -2.749822 0.876931 10.200000
-1.803899 1.525454 10.500000 -2.705848 0.788181 10.200000
-1.773384 1.466887 10.500000 -2.660075 0.700331 10.200000
-1.741675 1.408945 10.500000 -2.612513 0.613418 10.200000
-1.708781 1.351656 10.500000 -2.563171 0.527484 10.200000
-1.674706 1.295045 10.500000 -2.512059 0.442567 10.200000
-1.639458 1.239138 10.500000 -2.459187 0.358708 10.200000
-1.603043 1.183964 10.500000 -2.404564 0.275945 10.200000
-1.565467 1.129547 10.500000 -2.348200 0.194320 10.200000
-1.526737 1.075914 10.500000 -2.290105 0.113871 10.200000
-1.486860 1.023092 10.500000 -2.230289 0.034638 10.200000
-1.445841 0.971107 10.500000 -2.168761 -0.043340 10.200000
-1.403688 0.919986 10.500000 -2.105531 -0.120022 10.200000
-1.360406 0.869754 10.500000 -2.040609 -0.195368 10.200000
-1.316003 0.820440 10.500000 -1.974004 -0.269340 10.200000
-1.270484 0.772068 10.500000 -1.905727 -0.341898 10.200000
-1.223857 0.724666 10.500000 -1.835786 -0.413001 10.200000
-1.176127 0.678259 10.500000 -1.764191 -0.482611 10.200000
-1.127302 0.632875 10.500000 -1.690953 -0.550687 10.200000
-1.077387 0.588540 10.500000 -1.616080 -0.617190 10.200000
-1.026389 0.545280 10.500000 -1.539583 -0.682080 10.200000
-0.974314 0.503122 10.500000 -1.461472 -0.745318 10.200000
-0.921170 0.462091 10.500000 -1.381755 -0.806863 10.200000
-0.866962 0.422216 10.500000 -1.300443 -0.866676 10.200000
-0.811697 0.383521 10.500000 -1.217545 -0.924718 10.200000
-0.755381 0.346034 10.500000 -1.133072 -0.980949 10.200000
-0.698021 0.309781 10.500000 -1.047032 -1.035329 10.200000
-0.639624 0.274788 10.500000 -0.959436 -1.087818 10.200000
-0.580195 0.241082 10.500000 -0.870293 -1.138377 10.200000
-0.519742 0.208689 10.500000 -0.779613 -1.186966 10.200000
-0.458270 0.177636 10.500000 -0.687405 -1.233546 10.200000
-0.395787 0.147949 10.500000 -0.593680 -1.278076 10.200000
-0.332298 0.119655 10.500000 -0.498447 -1.320517 10.200000
-0.267810 0.092780 10.500000 -0.401715 -1.360830 10.200000
-0.202330 0.067351 10.500000 -0.303495 -1.398974 10.200000
-0.135864 0.043393 10.500000 -0.203796 -1.434910 10.200000
-0.068419 0.020934 10.500000 -0.102628 -1.468599 10.200000
0.000000 0.000000 10.500000 -0.000000 -1.500000 10.200000
