0.000000 0.000000 10.500000
0.173889 -0.050022 10.500006
0.345219 -0.094036 10.500012
0.514059 -0.132145 10.500016
0.680476 -0.164451 10.500020
0.844540 -0.191057 10.500022
1.006317 -0.212065 10.500024
1.165878 -0.227577 10.500026
1.323290 -0.237696 10.500026
1.478622 -0.242525 10.500026
1.631942 -0.242166 10.500025
1.783318 -0.236721 10.500024
1.932819 -0.226293 10.500023
2.080514 -0.210984 10.500021
2.226470 -0.190897 10.500018
2.370756 -0.166135 10.500015
2.513441 -0.136799 10.500012
2.654593 -0.102992 10.500009
2.794279 -0.064817 10.500005
2.932570 -0.022376 10.500002
3.069532 0.024229 10.499998
3.205235 0.074894 10.499994
3.339747 0.129518 10.499991
3.473136 0.187999 10.499987
3.605471 0.250232 10.499983
3.736819 0.316117 10.499980
3.867250 0.385551 10.499977
3.996832 0.458430 10.499974
4.125633 0.534654 10.499971
4.253722 0.614119 10.499969
4.381166 0.696722 10.499967
4.508035 0.782362 10.499965
4.634397 0.870936 10.499964
4.760320 0.962342 10.499964
4.885873 1.056476 10.499964
5.011123 1.153237 10.499965
5.136140 1.252522 10.499967
5.260992 1.354228 10.499969
5.385747 1.458254 10.499972
5.510473 1.564496 10.499976
5.635240 1.672853 10.499981
5.760114 1.783221 10.499986
5.885166 1.895498 10.499993
6.010462 2.009583 10.500001
6.135957 2.125377 10.500009
6.261242 2.242804 10.500019
6.385841 2.361789 10.500029
6.509277 2.482257 10.500040
6.631071 2.604134 10.500051
6.750748 2.727346 10.500061
6.867829 2.851817 10.500072
6.981838 2.977475 10.500081
7.092297 3.104243 10.500091
7.198730 3.232048 10.500099
7.300659 3.360816 10.500105
7.397606 3.490471 10.500111
7.489095 3.620940 10.500115
7.574648 3.752148 10.500116
7.653789 3.884020 10.500116
7.726039 4.016483 10.500113
7.790923 4.149461 10.500108
7.847962 4.282881 10.500100
7.896679 4.416667 10.500089
7.936597 4.550746 10.500075
7.967240 4.685042 10.500057
7.988129 4.819482 10.500035
7.998788 4.953991 10.500010
7.998783 5.088496 10.499980
7.988202 5.222925 10.499947
7.967481 5.357214 10.499910
7.937058 5.491295 10.499872
7.897375 5.625101 10.499833
7.848871 5.758567 10.499794
7.791987 5.891625 10.499755
7.727162 6.024210 10.499717
7.654837 6.156254 10.499682
7.575452 6.287691 10.499650
7.489447 6.418455 10.499623
7.397263 6.548479 10.499600
7.299339 6.677696 10.499583
7.196115 6.806040 10.499573
7.088033 6.933445 10.499570
6.975531 7.059843 10.499575
6.859050 7.185168 10.499590
6.739031 7.309355 10.499615
6.615912 7.432335 10.499651
6.490136 7.554043 10.499699
6.362141 7.674413 10.499759
6.232367 7.793377 10.499833
6.101256 7.910868 10.499922
5.969246 8.026822 10.500026
5.836649 8.141139 10.500144
5.703515 8.253659 10.500276
5.569863 8.364216 10.500419
5.435712 8.472640 10.500569
5.301081 8.578765 10.500726
5.165989 8.682423 10.500885
5.030455 8.783445 10.501046
4.894498 8.881664 10.501205
4.758136 8.976912 10.501360
4.621389 9.069022 10.501509
4.484276 9.157826 10.501649
4.346815 9.243155 10.501778
4.209026 9.324842 10.501893
4.070927 9.402720 10.501993
3.932538 9.476620 10.502073
3.793876 9.546376 10.502133
3.654962 9.611818 10.502170
3.515814 9.672779 10.502181
3.376450 9.729092 10.502164
3.236891 9.780588 10.502117
3.097155 9.827100 10.502037
2.957260 9.868461 10.501921
2.817226 9.904502 10.501768
2.677072 9.935055 10.501574
2.536816 9.959953 10.501338
2.396478 9.979028 10.501057
2.256076 9.992113 10.500729
2.115629 9.999039 10.500350
1.975157 9.999638 10.499920
1.834679 9.993840 10.499438
1.694215 9.981800 10.498912
1.553786 9.963706 10.498351
1.413415 9.939747 10.497764
1.273120 9.910112 10.497159
1.132925 9.874990 10.496545
0.992849 9.834569 10.495931
0.852914 9.789038 10.495326
0.713141 9.738585 10.494739
0.573551 9.683400 10.494178
0.434164 9.623672 10.493652
0.295002 9.559588 10.493171
0.156087 9.491338 10.492741
0.017437 9.419110 10.492374
-0.120924 9.343093 10.492076
-0.258976 9.263476 10.491858
-0.396698 9.180448 10.491727
-0.534070 9.094197 10.491693
-0.671069 9.004912 10.491765
-0.807675 8.912781 10.491950
-0.943867 8.817994 10.492259
-1.079625 8.720740 10.492699
-1.214926 8.621206 10.493279
-1.349750 8.519581 10.494009
-1.484075 8.416055 10.494897
-1.617882 8.310816 10.495952
-1.751148 8.204053 10.497183
-1.883854 8.095954 10.498597
-2.015976 7.986709 10.500205
-2.147400 7.876443 10.502003
-2.277738 7.765112 10.503952
-2.406560 7.652638 10.506008
-2.533434 7.538947 10.508127
-2.657928 7.423963 10.510266
-2.779611 7.307609 10.512379
-2.898050 7.189809 10.514423
-3.012814 7.070489 10.516354
-3.123471 6.949571 10.518127
-3.229590 6.826981 10.519698
-3.330738 6.702642 10.521024
-3.426485 6.576478 10.522060
-3.516397 6.448414 10.522762
-3.600045 6.318374 10.523086
-3.676995 6.186281 10.522987
-3.746817 6.052060 10.522422
-3.809078 5.915636 10.521347
-3.863347 5.776932 10.519717
-3.909192 5.635872 10.517488
-3.946181 5.492380 10.514616
-3.973883 5.346382 10.511057
-3.991865 5.197800 10.506767
-3.999697 5.046559 10.501702
-3.996995 4.892623 10.495829
-3.983894 4.736370 10.489242
-3.960834 4.578429 10.482109
-3.928261 4.419430 10.474600
-3.886620 4.260003 10.466882
-3.836357 4.100779 10.459127
-3.777917 3.942389 10.451502
-3.711746 3.785462 10.444177
-3.638288 3.630630 10.437321
-3.557991 3.478523 10.431104
-3.471298 3.329772 10.425695
-3.378656 3.185007 10.421262
-3.280509 3.044859 10.417975
-3.177304 2.909958 10.416003
-3.069485 2.780934 10.415516
-2.957499 2.658420 10.416682
-2.841791 2.543044 10.419671
-2.722805 2.435437 10.424652
-2.600988 2.336231 10.431794
-2.476785 2.246056 10.441266
-2.350641 2.165541 10.453238
-2.223002 2.095318 10.467879
-2.094314 2.036018 10.485357
-1.965019 1.988266 10.505842
-1.835415 1.952336 10.529368
-1.705525 1.927846 10.555731
-1.575343 1.914345 10.584698
-1.444864 1.911382 10.616039
-1.314082 1.918506 10.649522
-1.182993 1.935267 10.684915
-1.051590 1.961212 10.721987
-0.919868 1.995892 10.760505
-0.787822 2.038856 10.800240
-0.655446 2.089651 10.840958
-0.522736 2.147828 10.882429
-0.389684 2.212936 10.924421
-0.256287 2.284522 10.966702
-0.122537 2.362138 11.009041
0.011569 2.445330 11.051206
0.146037 2.533650 11.092966
0.280873 2.626645 11.134089
0.416083 2.723864 11.174344
0.551671 2.824857 11.213498
0.687644 2.929173 11.251322
0.824006 3.036360 11.287582
0.960764 3.145968 11.322048
1.097922 3.257546 11.354487
1.235486 3.370642 11.384669
1.373461 3.484807 11.412362
1.511853 3.599588 11.437333
1.650668 3.714535 11.459353
1.789911 3.829197 11.478188
1.929586 3.943123 11.493608
2.069696 4.055868 11.505389
2.210145 4.167146 11.513475
2.350739 4.276825 11.517984
2.491278 4.384784 11.519040
2.631566 4.490898 11.516767
2.771403 4.595045 11.511290
2.910592 4.697103 11.502733
3.048934 4.796947 11.491220
3.186231 4.894455 11.476875
3.322285 4.989504 11.459824
3.456897 5.081971 11.440189
3.589869 5.171733 11.418096
3.721003 5.258666 11.393669
3.850100 5.342649 11.367032
3.976962 5.423557 11.338310
4.101392 5.501268 11.307626
4.223190 5.575659 11.275105
4.342158 5.646607 11.240872
4.458099 5.713989 11.205050
4.570813 5.777681 11.167765
4.680103 5.837561 11.129139
4.785770 5.893506 11.089299
4.887616 5.945392 11.048367
4.985442 5.993098 11.006469
5.079051 6.036499 10.963728
5.168244 6.075472 10.920269
5.252823 6.109896 10.876217
5.332590 6.139646 10.831695
5.407345 6.164600 10.786827
5.476892 6.184634 10.741739
5.541031 6.199626 10.696555
5.599565 6.209453 10.651398
5.652295 6.213991 10.606393
5.699023 6.213118 10.561665
5.739550 6.206710 10.517338
5.773678 6.194645 10.473535
5.801210 6.176800 10.430382
5.821946 6.153051 10.388003
5.835689 6.123275 10.346522
5.842240 6.087350 10.306063
5.841401 6.045153 10.266751
5.832973 5.996560 10.228709
5.816758 5.941449 10.192063
5.792559 5.879696 10.156937
5.760176 5.811179 10.123454
5.719412 5.735774 10.091740
5.670068 5.653358 10.061918
5.611946 5.563809 10.034113
5.544848 5.467003 10.008450
5.468574 5.362818 9.985051
5.382928 5.251130 9.964043
5.287711 5.131816 9.945548
5.182724 5.004754 9.929693
5.067769 4.869820 9.916599
4.942648 4.726891 9.906393
4.807163 4.575845 9.899198
4.661115 4.416558 9.895139
4.504307 4.248908 9.894340
4.336539 4.072770 9.896926
4.157613 3.888023 9.903020
3.967332 3.694543 9.912747
3.765497 3.492208 9.926231
3.551909 3.280893 9.943596
3.326371 3.060477 9.964968
3.088684 2.830836 9.990470
2.838649 2.591847 10.020226
2.576070 2.343388 10.054362
2.300746 2.085334 10.093000
2.012480 1.817564 10.136266
1.711074 1.539954 10.184284
1.396330 1.252381 10.237177
1.068048 0.954722 10.295072
0.726032 0.646854 10.358091
0.370082 0.328655 10.426359
-0.000000 0.000000 10.500000
