0.000000 0.000000 10.500000
0.063647 -0.025324 10.500000
0.127580 -0.048774 10.500000
0.191777 -0.070368 10.500000
0.256215 -0.090126 10.500000
0.320870 -0.108067 10.500000
0.385720 -0.124210 10.500000
0.450740 -0.138574 10.500000
0.515909 -0.151178 10.500000
0.581202 -0.162041 10.500000
0.646597 -0.171183 10.500000
0.712070 -0.178621 10.500000
0.777598 -0.184376 10.500000
0.843159 -0.188465 10.500000
0.908728 -0.190909 10.500000
0.974283 -0.191727 10.500000
1.039801 -0.190937 10.500000
1.105258 -0.188558 10.500000
1.170632 -0.184610 10.500000
1.235898 -0.179111 10.500000
1.301035 -0.172081 10.500000
1.366018 -0.163539 10.500000
1.430825 -0.153503 10.500000
1.495432 -0.141993 10.500000
1.559817 -0.129028 10.500000
1.623955 -0.114627 10.500000
1.687825 -0.098809 10.500000
1.751403 -0.081592 10.500000
1.814665 -0.062997 10.500000
1.877588 -0.043042 10.500000
1.940150 -0.021745 10.500000
2.002327 0.000873 10.500000
2.064096 0.024794 10.500000
2.125433 0.049998 10.500000
2.186316 0.076467 10.500000
2.246722 0.104182 10.500000
2.306627 0.133124 10.500000
2.366008 0.163273 10.500000
2.424843 0.194611 10.500000
2.483106 0.227118 10.500000
2.540777 0.260775 10.500000
2.597831 0.295564 10.500000
2.654246 0.331465 10.500000
2.709997 0.368460 10.500000
2.765063 0.406528 10.500000
2.819419 0.445652 10.500000
2.873043 0.485812 10.500000
2.925911 0.526989 10.500000
2.978001 0.569164 10.500000
3.029289 0.612317 10.500000
3.079752 0.656431 10.500000
3.129367 0.701486 10.500000
3.178110 0.747462 10.500000
3.225959 0.794341 10.500000
3.272891 0.842104 10.500000
3.318881 0.890732 10.500000
3.363908 0.940205 10.500000
3.407947 0.990505 10.500000
3.450976 1.041612 10.500000
3.492972 1.093508 10.500000
3.533911 1.146173 10.500000
3.573770 1.199588 10.500000
3.612526 1.253735 10.500000
3.650156 1.308594 10.500000
3.686636 1.364146 10.500000
3.721945 1.420372 10.500000
3.756057 1.477254 10.500000
3.788951 1.534772 10.500000
3.820603 1.592906 10.500000
3.850989 1.651639 10.500000
3.880088 1.710950 10.500000
3.907875 1.770821 10.500000
3.934327 1.831234 10.500000
3.959421 1.892167 10.500000
3.983135 1.953604 10.500000
4.005445 2.015524 10.500000
4.026334 2.077906 10.500000
4.045803 2.140720 10.500000
4.063851 2.203937 10.500000
4.080478 2.267528 10.500000
4.095685 2.331462 10.500000
4.109473 2.395712 10.500000
4.121841 2.460246 10.500000
4.132790 2.525036 10.500000
4.142320 2.590052 10.500000
4.150431 2.655265 10.500000
4.157124 2.720645 10.500000
4.162399 2.786162 10.500000
4.166257 2.851788 10.500000
4.168697 2.917492 10.500000
4.169720 2.983246 10.500000
4.169327 3.049019 10.500000
4.167517 3.114783 10.500000
4.164291 3.180507 10.500000
4.159650 3.246163 10.500000
4.153593 3.311720 10.500000
4.146121 3.377150 10.500000
4.137235 3.442422 10.500000
4.126934 3.507508 10.500000
4.115218 3.572377 10.500000
4.102089 3.637001 10.500000
4.087547 3.701350 10.500000
4.071591 3.765394 10.500000
4.054223 3.829104 10.500000
4.035442 3.892451 10.500000
4.015248 3.955404 10.500000
3.993643 4.017935 10.500000
3.970634 4.080016 10.500000
3.946242 4.141626 10.500000
3.920490 4.202741 10.500000
3.893399 4.263340 10.500000
3.864992 4.323401 10.500000
3.835292 4.382902 10.500000
3.804320 4.441820 10.500000
3.772100 4.500134 10.500000
3.738653 4.557822 10.500000
3.704002 4.614861 10.500000
3.668169 4.671229 10.500000
3.631176 4.726905 10.500000
3.593046 4.781866 10.500000
3.553801 4.836090 10.500000
3.513463 4.889556 10.500000
3.472055 4.942240 10.500000
3.429600 4.994122 10.500000
3.386118 5.045178 10.500000
3.341634 5.095387 10.500000
3.296169 5.144727 10.500000
3.249745 5.193176 10.500000
3.202384 5.240712 10.500000
3.154110 5.287312 10.500000
3.104944 5.332954 10.500000
3.054909 5.377617 10.500000
3.004027 5.421279 10.500000
2.952321 5.463916 10.500000
2.899812 5.505508 10.500000
2.846524 5.546033 10.500000
2.792477 5.585467 10.500000
2.737696 5.623789 10.500000
2.682202 5.660978 10.500000
2.626017 5.697010 10.500000
2.569164 5.731864 10.500000
2.511665 5.765518 10.500000
2.453542 5.797950 10.500000
2.394818 5.829137 10.500000
2.335515 5.859058 10.500000
2.275656 5.887691 10.500000
2.215262 5.915012 10.500000
2.154357 5.941002 10.500000
2.092962 5.965636 10.500000
2.031099 5.988894 10.500000
1.968792 6.010754 10.500000
1.906065 6.031204 10.500000
1.842946 6.050244 10.500000
1.779463 6.067873 10.500000
1.715643 6.084092 10.500000
1.651514 6.098900 10.500000
1.587103 6.112297 10.500000
1.522439 6.124283 10.500000
1.457549 6.134857 10.500000
1.392461 6.144020 10.500000
1.327202 6.151771 10.500000
1.261801 6.158110 10.500000
1.196285 6.163036 10.500000
1.130682 6.166550 10.500000
1.065019 6.168652 10.500000
0.999324 6.169340 10.500000
0.933625 6.168615 10.500000
0.867949 6.166477 10.500000
0.802325 6.162926 10.500000
0.736780 6.157961 10.500000
0.671342 6.151581 10.500000
0.606038 6.143788 10.500000
0.540896 6.134580 10.500000
0.475944 6.123957 10.500000
0.411210 6.111920 10.500000
0.346721 6.098468 10.500000
0.282505 6.083600 10.500000
0.218590 6.067317 10.500000
0.155004 6.049619 10.500000
0.091773 6.030504 10.500000
0.028927 6.009974 10.500000
-0.033508 5.988027 10.500000
-0.095506 5.964677 10.500000
-0.157044 5.939945 10.500000
-0.218098 5.913855 10.500000
-0.278644 5.886427 10.500000
-0.338660 5.857687 10.500000
-0.398121 5.827655 10.500000
-0.457005 5.796354 10.500000
-0.515288 5.763808 10.500000
-0.572947 5.730038 10.500000
-0.629958 5.695068 10.500000
-0.686297 5.658919 10.500000
-0.741942 5.621616 10.500000
-0.796869 5.583179 10.500000
-0.851054 5.543633 10.500000
-0.904475 5.502998 10.500000
-0.957107 5.461299 10.500000
-1.008927 5.418558 10.500000
-1.059912 5.374797 10.500000
-1.110039 5.330039 10.500000
-1.159283 5.284306 10.500000
-1.207622 5.237622 10.500000
-1.255033 5.190008 10.500000
-1.301490 5.141488 10.500000
-1.346973 5.092084 10.500000
-1.391456 5.041819 10.500000
-1.434916 4.990715 10.500000
-1.477331 4.938795 10.500000
-1.518676 4.886081 10.500000
-1.558928 4.832596 10.500000
-1.598065 4.778364 10.500000
-1.636061 4.723405 10.500000
-1.672894 4.667744 10.500000
-1.708541 4.611403 10.500000
-1.742978 4.554403 10.500000
-1.776182 4.496769 10.500000
-1.808129 4.438522 10.500000
-1.838796 4.379685 10.500000
-1.868159 4.320281 10.500000
-1.896195 4.260332 10.500000
-1.922881 4.199862 10.500000
-1.948193 4.138891 10.500000
-1.972107 4.077445 10.500000
-1.994601 4.015544 10.500000
-2.015653 3.953211 10.500000
-2.035260 3.890473 10.500000
-2.053428 3.827355 10.500000
-2.070164 3.763884 10.500000
-2.085474 3.700087 10.500000
-2.099365 3.635989 10.500000
-2.111844 3.571617 10.500000
-2.122916 3.506998 10.500000
-2.132588 3.442158 10.500000
-2.140866 3.377124 10.500000
-2.147758 3.311922 10.500000
-2.153270 3.246578 10.500000
-2.157407 3.181119 10.500000
-2.160177 3.115572 10.500000
-2.161586 3.049962 10.500000
-2.161640 2.984317 10.500000
-2.160346 2.918662 10.500000
-2.157710 2.853025 10.500000
-2.153740 2.787431 10.500000
-2.148440 2.721907 10.500000
-2.141819 2.656480 10.500000
-2.133881 2.591176 10.500000
-2.124635 2.526021 10.500000
-2.114085 2.461042 10.500000
-2.102239 2.396266 10.500000
-2.089103 2.331718 10.500000
-2.074684 2.267426 10.500000
-2.058988 2.203415 10.500000
-2.042021 2.139713 10.500000
-2.023790 2.076345 10.500000
-2.004302 2.013338 10.500000
-1.983562 1.950718 10.500000
-1.961578 1.888513 10.500000
-1.938356 1.826748 10.500000
-1.913902 1.765450 10.500000
-1.888223 1.704645 10.500000
-1.861325 1.644359 10.500000
-1.833215 1.584621 10.500000
-1.803899 1.525454 10.500000
-1.773384 1.466887 10.500000
-1.741675 1.408945 10.500000
-1.708781 1.351656 10.500000
-1.674706 1.295045 10.500000
-1.639458 1.239138 10.500000
-1.603043 1.183964 10.500000
-1.565467 1.129547 10.500000
-1.526737 1.075914 10.500000
-1.486860 1.023092 10.500000
-1.445841 0.971107 10.500000
-1.403688 0.919986 10.500000
-1.360406 0.869754 10.500000
-1.316003 0.820440 10.500000
-1.270484 0.772068 10.500000
-1.223857 0.724666 10.500000
-1.176127 0.678259 10.500000
-1.127302 0.632875 10.500000
-1.077387 0.588540 10.500000
-1.026389 0.545280 10.500000
-0.974314 0.503122 10.500000
-0.921170 0.462091 10.500000
-0.866962 0.422216 10.500000
-0.811697 0.383521 10.500000
-0.755381 0.346034 10.500000
-0.698021 0.309781 10.500000
-0.639624 0.274788 10.500000
-0.580195 0.241082 10.500000
-0.519742 0.208689 10.500000
-0.458270 0.177636 10.500000
-0.395787 0.147949 10.500000
-0.332298 0.119655 10.500000
-0.267810 0.092780 10.500000
-0.202330 0.067351 10.500000
-0.135864 0.043393 10.500000
-0.068419 0.020934 10.500000
0.000000 0.000000 10.500000
