0.000000 0.000000 10.500000
0.064851 -0.020385 10.509108
0.129370 -0.039864 10.517702
0.193560 -0.058446 10.525791
0.257423 -0.076135 10.533385
0.320963 -0.092939 10.540493
0.384183 -0.108864 10.547125
0.447086 -0.123915 10.553290
0.509674 -0.138100 10.558997
0.571950 -0.151425 10.564256
0.633919 -0.163895 10.569077
0.695582 -0.175518 10.573468
0.756942 -0.186300 10.577439
0.818003 -0.196248 10.581000
0.878768 -0.205366 10.584160
0.939240 -0.213663 10.586928
0.999421 -0.221144 10.589314
1.059314 -0.227815 10.591327
1.118924 -0.233683 10.592978
1.178251 -0.238755 10.594274
1.237301 -0.243036 10.595226
1.296075 -0.246533 10.595842
1.354577 -0.249253 10.596134
1.412809 -0.251201 10.596109
1.470774 -0.252385 10.595777
1.528477 -0.252810 10.595148
1.585919 -0.252482 10.594231
1.643103 -0.251409 10.593035
1.700033 -0.249596 10.591571
1.756712 -0.247050 10.589847
1.813142 -0.243778 10.587873
1.869326 -0.239785 10.585658
1.925268 -0.235077 10.583211
1.980971 -0.229663 10.580543
2.036437 -0.223546 10.577662
2.091670 -0.216735 10.574578
2.146672 -0.209235 10.571301
2.201446 -0.201053 10.567839
2.255996 -0.192195 10.564203
2.310325 -0.182667 10.560401
2.364435 -0.172476 10.556443
2.418330 -0.161628 10.552339
2.472012 -0.150130 10.548097
2.525484 -0.137987 10.543728
2.578750 -0.125207 10.539241
2.631813 -0.111795 10.534645
2.684674 -0.097758 10.529950
2.737339 -0.083102 10.525164
2.789808 -0.067834 10.520298
2.842087 -0.051960 10.515361
2.894176 -0.035486 10.510363
2.946080 -0.018419 10.505312
2.997802 -0.000765 10.500218
3.049344 0.017470 10.495090
3.100709 0.036279 10.489939
3.151900 0.055656 10.484774
3.202921 0.075594 10.479603
3.253775 0.096088 10.474436
3.304464 0.117131 10.469283
3.354991 0.138716 10.464153
3.405359 0.160837 10.459056
3.455572 0.183487 10.454001
3.505633 0.206662 10.448997
3.555543 0.230353 10.444054
3.605307 0.254555 10.439182
3.654928 0.279261 10.434389
3.704407 0.304466 10.429685
3.753749 0.330162 10.425080
3.802957 0.356343 10.420583
3.852032 0.383003 10.416203
3.900979 0.410136 10.411950
3.949801 0.437735 10.407833
3.998499 0.465794 10.403862
4.047078 0.494306 10.400046
4.095541 0.523266 10.396394
4.143889 0.552666 10.392917
4.192127 0.582501 10.389623
4.240257 0.612764 10.386521
4.288282 0.643449 10.383622
4.336206 0.674548 10.380935
4.384031 0.706057 10.378469
4.431760 0.737969 10.376233
4.479396 0.770277 10.374237
4.526943 0.802975 10.372490
4.574403 0.836056 10.371003
4.621779 0.869515 10.369783
4.669074 0.903345 10.368841
4.716292 0.937539 10.368186
4.763435 0.972091 10.367828
4.810506 1.006995 10.367775
4.857508 1.042245 10.368038
4.904445 1.077833 10.368626
4.951318 1.113755 10.369548
4.998132 1.150003 10.370813
5.044889 1.186571 10.372431
5.091592 1.223452 10.374412
5.138245 1.260641 10.376765
5.184849 1.298131 10.379499
5.231409 1.335915 10.382624
5.277927 1.373988 10.386149
5.324406 1.412343 10.390084
5.370849 1.450973 10.394437
5.417259 1.489872 10.399220
5.463640 1.529035 10.404440
5.509994 1.568453 10.410107
5.556323 1.608122 10.416231
5.602632 1.648035 10.422821
5.648923 1.688185 10.429886
5.695199 1.728566 10.437437
5.741464 1.769172 10.445482
5.787719 1.809996 10.454031
5.833968 1.851032 10.463093
5.880215 1.892274 10.472678
5.926461 1.933715 10.482795
5.972711 1.975349 10.493454
6.018967 2.017170 10.504663
6.065220 2.059172 10.516420
6.111449 2.101355 10.528705
6.157633 2.143715 10.541499
6.203748 2.186250 10.554782
6.249773 2.228958 10.568534
6.295684 2.271837 10.582735
6.341460 2.314885 10.597366
6.387078 2.358099 10.612407
6.432516 2.401478 10.627837
6.477751 2.445018 10.643638
6.522761 2.488719 10.659789
6.567525 2.532577 10.676270
6.612018 2.576590 10.693062
6.656220 2.620756 10.710144
6.700107 2.665074 10.727498
6.743658 2.709540 10.745103
6.786849 2.754153 10.762939
6.829660 2.798910 10.780987
6.872066 2.843810 10.799226
6.914047 2.888849 10.817637
6.955579 2.934026 10.836201
6.996640 2.979338 10.854896
7.037208 3.024784 10.873704
7.077260 3.070361 10.892605
7.116775 3.116067 10.911578
7.155729 3.161899 10.930605
7.194101 3.207856 10.949665
7.231868 3.253935 10.968738
7.269008 3.300134 10.987804
7.305498 3.346451 11.006845
7.341315 3.392884 11.025839
7.376439 3.439430 11.044767
7.410846 3.486087 11.063610
7.444513 3.532853 11.082347
7.477420 3.579726 11.100959
7.509542 3.626703 11.119425
7.540859 3.673783 11.137727
7.571346 3.720963 11.155844
7.600983 3.768241 11.173756
7.629747 3.815615 11.191444
7.657615 3.863082 11.208887
7.684566 3.910641 11.226067
7.710576 3.958288 11.242962
7.735623 4.006023 11.259554
7.759685 4.053842 11.275823
7.782740 4.101744 11.291748
7.804765 4.149726 11.307310
7.825739 4.197785 11.322489
7.845637 4.245921 11.337265
7.864439 4.294131 11.351618
7.882122 4.342411 11.365529
7.898663 4.390761 11.378978
7.914041 4.439178 11.391945
7.928232 4.487660 11.404410
7.941215 4.536205 11.416354
7.952967 4.584809 11.427756
7.963465 4.633472 11.438596
7.972688 4.682191 11.448856
7.980613 4.730964 11.458514
7.987218 4.779788 11.467552
7.992480 4.828661 11.475949
7.996376 4.877582 11.483686
7.998886 4.926547 11.490742
7.999985 4.975555 11.497099
7.999654 5.024604 11.502736
7.997891 5.073690 11.507652
7.994716 5.122808 11.511859
7.990152 5.171956 11.515373
7.984220 5.221129 11.518206
7.976940 5.270322 11.520374
7.968336 5.319531 11.521891
7.958427 5.368752 11.522771
7.947235 5.417982 11.523028
7.934782 5.467215 11.522677
7.921089 5.516448 11.521731
7.906178 5.565676 11.520206
7.890070 5.614895 11.518115
7.872786 5.664102 11.515473
7.854347 5.713291 11.512294
7.834776 5.762459 11.508592
7.814094 5.811602 11.504381
7.792321 5.860714 11.499676
7.769480 5.909793 11.494491
7.745591 5.958834 11.488841
7.720677 6.007832 11.482739
7.694758 6.056784 11.476200
7.667856 6.105685 11.469238
7.639992 6.154531 11.461867
7.611189 6.203319 11.454102
7.581466 6.252043 11.445956
7.550846 6.300700 11.437445
7.519350 6.349285 11.428582
7.486999 6.397794 11.419382
7.453816 6.446224 11.409859
7.419820 6.494569 11.400028
7.385034 6.542826 11.389901
7.349479 6.590990 11.379495
7.313177 6.639058 11.368822
7.276148 6.687024 11.357898
7.238414 6.734886 11.346736
7.199998 6.782638 11.335352
7.160919 6.830277 11.323758
7.121200 6.877798 11.311970
7.080861 6.925198 11.300001
7.039925 6.972471 11.287866
6.998412 7.019614 11.275580
6.956345 7.066623 11.263156
6.913744 7.113493 11.250608
6.870631 7.160220 11.237952
6.827027 7.206800 11.225201
6.782954 7.253230 11.212369
6.738432 7.299504 11.199472
6.693485 7.345618 11.186522
6.648132 7.391568 11.173534
6.602396 7.437351 11.160524
6.556297 7.482962 11.147504
6.509857 7.528396 11.134489
6.463098 7.573650 11.121494
6.416041 7.618719 11.108532
6.368708 7.663600 11.095618
6.321118 7.708287 11.082767
6.273296 7.752777 11.069992
6.225260 7.797066 11.057307
6.177034 7.841149 11.044728
6.128638 7.885022 11.032268
6.080093 7.928682 11.019942
6.031422 7.972123 11.007763
5.982646 8.015342 10.995747
5.933777 8.058332 10.983900
5.884818 8.101086 10.972224
5.835770 8.143594 10.960716
5.786634 8.185849 10.949376
5.737411 8.227840 10.938202
5.688103 8.269561 10.927194
5.638710 8.311001 10.916351
5.589233 8.352152 10.905670
5.539674 8.393007 10.895152
5.490034 8.433555 10.884795
5.440314 8.473789 10.874599
5.390515 8.513700 10.864561
5.340638 8.553278 10.854681
5.290684 8.592516 10.844958
5.240654 8.631405 10.835391
5.190550 8.669936 10.825978
5.140372 8.708101 10.816719
5.090122 8.745891 10.807613
5.039800 8.783296 10.798658
4.989409 8.820310 10.789853
4.938948 8.856922 10.781198
4.888420 8.893125 10.772691
4.837824 8.928909 10.764331
4.787163 8.964266 10.756117
4.736438 8.999188 10.748048
4.685649 9.033665 10.740123
4.634797 9.067690 10.732340
4.583884 9.101252 10.724700
4.532912 9.134345 10.717200
4.481880 9.166958 10.709839
4.430790 9.199084 10.702617
4.379643 9.230714 10.695532
4.328441 9.261839 10.688584
4.277184 9.292451 10.681771
4.225873 9.322541 10.675092
4.174510 9.352099 10.668546
4.123096 9.381118 10.662132
4.071632 9.409590 10.655849
4.020118 9.437504 10.649696
3.968557 9.464853 10.643671
3.916949 9.491628 10.637774
3.865295 9.517821 10.632004
3.813596 9.543422 10.626359
3.761854 9.568423 10.620839
3.710070 9.592816 10.615442
3.658244 9.616591 10.610167
3.606378 9.639741 10.605013
3.554473 9.662255 10.599980
3.502530 9.684127 10.595065
3.450551 9.705347 10.590268
3.398535 9.725906 10.585589
3.346485 9.745797 10.581025
3.294401 9.765009 10.576575
3.242285 9.783535 10.572239
3.190138 9.801366 10.568016
3.137961 9.818494 10.563904
3.085754 9.834908 10.559902
3.033520 9.850602 10.556010
2.981258 9.865566 10.552226
2.928971 9.879792 10.548549
2.876660 9.893271 10.544978
2.824324 9.905995 10.541512
2.771967 9.917954 10.538150
2.719588 9.929140 10.534891
2.667188 9.939544 10.531733
2.614770 9.949159 10.528676
2.562334 9.957974 10.525718
2.509881 9.965983 10.522859
2.457412 9.973174 10.520097
2.404929 9.979542 10.517432
2.352432 9.985075 10.514862
2.299922 9.989767 10.512385
2.247402 9.993608 10.510002
2.194871 9.996589 10.507711
2.142331 9.998703 10.505511
2.089783 9.999940 10.503401
2.037228 10.000291 10.501379
1.984667 9.999749 10.499445
1.932102 9.998310 10.497597
1.879534 9.995985 10.495834
1.826963 9.992781 10.494155
1.774391 9.988710 10.492558
1.721819 9.983781 10.491042
1.669249 9.978004 10.489605
1.616681 9.971389 10.488245
1.564117 9.963945 10.486962
1.511557 9.955683 10.485754
1.459004 9.946612 10.484619
1.406458 9.936742 10.483556
1.353921 9.926083 10.482564
1.301393 9.914645 10.481641
1.248876 9.902437 10.480785
1.196371 9.889470 10.479995
1.143880 9.875753 10.479270
1.091403 9.861297 10.478609
1.038941 9.846110 10.478009
0.986496 9.830203 10.477470
0.934070 9.813586 10.476989
0.881662 9.796268 10.476566
0.829275 9.778259 10.476199
0.776910 9.759570 10.475887
0.724567 9.740209 10.475627
0.672248 9.720188 10.475419
0.619955 9.699515 10.475262
0.567687 9.678200 10.475153
0.515448 9.656254 10.475092
0.463237 9.633685 10.475076
0.411056 9.610505 10.475105
0.358906 9.586723 10.475177
0.306788 9.562348 10.475290
0.254704 9.537390 10.475444
0.202655 9.511860 10.475636
0.150642 9.485767 10.475865
0.098665 9.459121 10.476130
0.046727 9.431932 10.476429
-0.005172 9.404209 10.476761
-0.057030 9.375963 10.477125
-0.108846 9.347204 10.477518
-0.160619 9.317940 10.477940
-0.212348 9.288182 10.478389
-0.264032 9.257940 10.478863
-0.315668 9.227224 10.479362
-0.367258 9.196043 10.479883
-0.418798 9.164407 10.480426
-0.470288 9.132327 10.480988
-0.521726 9.099811 10.481569
-0.573112 9.066871 10.482166
-0.624444 9.033515 10.482779
-0.675722 8.999753 10.483406
-0.726943 8.965596 10.484045
-0.778107 8.931053 10.484696
-0.829212 8.896134 10.485356
-0.880257 8.860848 10.486024
-0.931242 8.825206 10.486699
-0.982165 8.789218 10.487380
-1.033024 8.752893 10.488064
-1.083819 8.716241 10.488750
-1.134548 8.679272 10.489438
-1.185210 8.641996 10.490125
-1.235804 8.604423 10.490810
-1.286329 8.566562 10.491492
-1.336784 8.528423 10.492168
-1.387167 8.490017 10.492839
-1.437477 8.451352 10.493502
-1.487713 8.412440 10.494155
-1.537874 8.373288 10.494798
-1.587958 8.333909 10.495429
-1.637965 8.294311 10.496046
-1.687893 8.254503 10.496648
-1.737741 8.214497 10.497234
-1.787508 8.174302 10.497802
-1.837193 8.133927 10.498351
-1.886794 8.093383 10.498878
-1.936310 8.052679 10.499384
-1.985741 8.011825 10.499865
-2.035083 7.970830 10.500322
-2.084321 7.929695 10.500754
-2.133434 7.888416 10.501161
-2.182398 7.846989 10.501543
-2.231192 7.805408 10.501902
-2.279792 7.763671 10.502238
-2.328176 7.721774 10.502552
-2.376322 7.679711 10.502843
-2.424207 7.637479 10.503113
-2.471809 7.595073 10.503361
-2.519106 7.552490 10.503589
-2.566074 7.509725 10.503797
-2.612691 7.466775 10.503986
-2.658936 7.423634 10.504155
-2.704785 7.380300 10.504307
-2.750216 7.336767 10.504440
-2.795207 7.293032 10.504555
-2.839734 7.249090 10.504654
-2.883776 7.204937 10.504737
-2.927311 7.160570 10.504803
-2.970314 7.115983 10.504854
-3.012765 7.071173 10.504890
-3.054641 7.026136 10.504912
-3.095919 6.980868 10.504921
-3.136577 6.935363 10.504915
-3.176592 6.889619 10.504897
-3.215942 6.843631 10.504867
-3.254604 6.797395 10.504825
-3.292556 6.750907 10.504772
-3.329775 6.704162 10.504708
-3.366240 6.657157 10.504634
-3.401927 6.609886 10.504550
-3.436814 6.562347 10.504458
-3.470878 6.514535 10.504356
-3.504097 6.466446 10.504246
-3.536449 6.418076 10.504129
-3.567912 6.369419 10.504005
-3.598461 6.320474 10.503874
-3.628076 6.271234 10.503737
-3.656734 6.221697 10.503594
-3.684412 6.171857 10.503447
-3.711088 6.121711 10.503295
-3.736739 6.071255 10.503139
-3.761343 6.020484 10.502979
-3.784877 5.969395 10.502817
-3.807319 5.917982 10.502652
-3.828647 5.866243 10.502485
-3.848837 5.814172 10.502317
-3.867868 5.761766 10.502148
-3.885717 5.709021 10.501979
-3.902362 5.655932 10.501810
-3.917779 5.602495 10.501641
-3.931948 5.548706 10.501474
-3.944844 5.494561 10.501308
-3.956446 5.440056 10.501145
-3.966731 5.385187 10.500984
-3.975677 5.329949 10.500827
-3.983261 5.274338 10.500673
-3.989461 5.218350 10.500524
-3.994255 5.161982 10.500379
-3.997619 5.105228 10.500240
-3.999531 5.048085 10.500107
-3.999970 4.990548 10.499980
-3.998924 4.932624 10.499859
-3.996411 4.874342 10.499746
-3.992454 4.815737 10.499639
-3.987076 4.756842 10.499538
-3.980300 4.697691 10.499444
-3.972148 4.638319 10.499355
-3.962642 4.578759 10.499273
-3.951806 4.519045 10.499196
-3.939662 4.459211 10.499125
-3.926233 4.399291 10.499060
-3.911541 4.339318 10.499000
-3.895610 4.279328 10.498945
-3.878461 4.219353 10.498896
-3.860117 4.159428 10.498852
-3.840602 4.099586 10.498812
-3.819937 4.039862 10.498777
-3.798145 3.980289 10.498747
-3.775250 3.920902 10.498722
-3.751273 3.861734 10.498700
-3.726237 3.802819 10.498683
-3.700166 3.744191 10.498670
-3.673081 3.685884 10.498661
-3.645005 3.627933 10.498656
-3.615961 3.570370 10.498654
-3.585972 3.513230 10.498656
-3.555061 3.456546 10.498662
-3.523249 3.400353 10.498670
-3.490559 3.344685 10.498682
-3.457015 3.289576 10.498697
-3.422639 3.235058 10.498714
-3.387454 3.181167 10.498735
-3.351481 3.127937 10.498758
-3.314745 3.075401 10.498783
-3.277267 3.023592 10.498811
-3.239070 2.972546 10.498841
-3.200177 2.922296 10.498873
-3.160611 2.872876 10.498907
-3.120393 2.824319 10.498943
-3.079548 2.776660 10.498980
-3.038097 2.729933 10.499019
-2.996063 2.684172 10.499059
-2.953469 2.639410 10.499101
-2.910337 2.595681 10.499143
-2.866691 2.553020 10.499187
-2.822552 2.511461 10.499231
-2.777944 2.471036 10.499277
-2.732888 2.431781 10.499322
-2.687409 2.393728 10.499369
-2.641528 2.356913 10.499415
-2.595267 2.321369 10.499462
-2.548651 2.287129 10.499508
-2.501701 2.254228 10.499555
-2.454440 2.222700 10.499601
-2.406891 2.192579 10.499647
-2.359076 2.163898 10.499693
-2.311018 2.136692 10.499738
-2.262739 2.110993 10.499782
-2.214263 2.086838 10.499825
-2.165612 2.064258 10.499867
-2.116809 2.043289 10.499908
-2.067875 2.023964 10.499948
-2.018835 2.006317 10.499986
-1.969709 1.990379 10.500022
-1.920508 1.976151 10.500057
-1.871232 1.963607 10.500091
-1.821882 1.952723 10.500123
-1.772457 1.943474 10.500153
-1.722959 1.935835 10.500182
-1.673389 1.929781 10.500209
-1.623745 1.925287 10.500235
-1.574030 1.922328 10.500259
-1.524243 1.920879 10.500282
-1.474386 1.920916 10.500304
-1.424457 1.922413 10.500324
-1.374459 1.925346 10.500343
-1.324392 1.929689 10.500360
-1.274255 1.935418 10.500377
-1.224050 1.942508 10.500392
-1.173777 1.950934 10.500406
-1.123436 1.960670 10.500418
-1.073028 1.971693 10.500430
-1.022554 1.983976 10.500440
-0.972014 1.997496 10.500450
-0.921408 2.012228 10.500458
-0.870737 2.028145 10.500465
-0.820002 2.045224 10.500471
-0.769202 2.063439 10.500476
-0.718339 2.082767 10.500480
-0.667413 2.103180 10.500483
-0.616424 2.124656 10.500486
-0.565373 2.147168 10.500487
-0.514261 2.170693 10.500487
-0.463087 2.195204 10.500487
-0.411853 2.220677 10.500486
-0.360558 2.247088 10.500484
-0.309204 2.274411 10.500481
-0.257791 2.302621 10.500477
-0.206319 2.331694 10.500473
-0.154790 2.361604 10.500468
-0.103202 2.392327 10.500462
-0.051557 2.423837 10.500456
0.000144 2.456111 10.500449
0.051902 2.489122 10.500442
0.103715 2.522846 10.500434
0.155584 2.557258 10.500425
0.207507 2.592333 10.500416
0.259484 2.628047 10.500407
0.311515 2.664373 10.500397
0.363600 2.701288 10.500386
0.415737 2.738767 10.500376
0.467926 2.776784 10.500364
0.520167 2.815314 10.500353
0.572459 2.854334 10.500341
0.624802 2.893817 10.500329
0.677196 2.933739 10.500317
0.729639 2.974075 10.500304
0.782131 3.014799 10.500291
0.834672 3.055888 10.500278
0.887262 3.097317 10.500265
0.939899 3.139059 10.500252
0.992583 3.181091 10.500238
1.045315 3.223387 10.500225
1.098092 3.265923 10.500212
1.150916 3.308673 10.500198
1.203785 3.351613 10.500184
1.256698 3.394718 10.500171
1.309656 3.437963 10.500157
1.362658 3.481322 10.500144
1.415703 3.524772 10.500131
1.468791 3.568287 10.500118
1.521922 3.611842 10.500105
1.575094 3.655412 10.500092
1.628308 3.698972 10.500079
1.681563 3.742498 10.500067
1.734858 3.785965 10.500055
1.788193 3.829347 10.500043
1.841567 3.872620 10.500032
1.894980 3.915759 10.500021
1.948432 3.958738 10.500010
2.001922 4.001533 10.500000
2.055447 4.044123 10.499990
2.108999 4.086498 10.499980
2.162567 4.128652 10.499971
2.216142 4.170578 10.499963
2.269713 4.212270 10.499954
2.323269 4.253721 10.499946
2.376801 4.294925 10.499939
2.430297 4.335876 10.499932
2.483748 4.376566 10.499925
2.537144 4.416990 10.499919
2.590474 4.457141 10.499913
2.643727 4.497012 10.499908
2.696894 4.536597 10.499902
2.749965 4.575890 10.499898
2.802928 4.614884 10.499893
2.855774 4.653573 10.499889
2.908492 4.691949 10.499885
2.961072 4.730008 10.499882
3.013504 4.767742 10.499879
3.065777 4.805144 10.499876
3.117881 4.842209 10.499874
3.169806 4.878929 10.499872
3.221542 4.915299 10.499870
3.273078 4.951311 10.499868
3.324404 4.986960 10.499867
3.375509 5.022239 10.499866
3.426384 5.057142 10.499866
3.477018 5.091661 10.499866
3.527401 5.125791 10.499866
3.577522 5.159524 10.499866
3.627371 5.192856 10.499866
3.676938 5.225778 10.499867
3.726212 5.258285 10.499868
3.775184 5.290371 10.499870
3.823843 5.322027 10.499872
3.872178 5.353249 10.499873
3.920180 5.384030 10.499876
3.967837 5.414363 10.499878
4.015141 5.444242 10.499881
4.062080 5.473660 10.499884
4.108644 5.502611 10.499887
4.154823 5.531089 10.499890
4.200606 5.559086 10.499894
4.245984 5.586597 10.499897
4.290945 5.613614 10.499901
4.335481 5.640133 10.499906
4.379579 5.666145 10.499910
4.423231 5.691645 10.499915
4.466425 5.716625 10.499919
4.509152 5.741081 10.499924
4.551401 5.765004 10.499929
4.593162 5.788390 10.499935
4.634425 5.811230 10.499940
4.675178 5.833519 10.499946
4.715413 5.855250 10.499952
4.755119 5.876418 10.499958
4.794284 5.897014 10.499964
4.832900 5.917033 10.499970
4.870956 5.936469 10.499976
4.908441 5.955315 10.499983
4.945345 5.973564 10.499990
4.981658 5.991210 10.499996
5.017370 6.008246 10.500003
5.052470 6.024666 10.500010
5.086948 6.040464 10.500018
5.120793 6.055633 10.500025
5.153996 6.070167 10.500032
5.186547 6.084059 10.500040
5.218433 6.097302 10.500047
5.249647 6.109891 10.500055
5.280176 6.121818 10.500063
5.310012 6.133078 10.500070
5.339143 6.143663 10.500078
5.367559 6.153568 10.500086
5.395251 6.162785 10.500094
5.422207 6.171309 10.500102
5.448417 6.179133 10.500110
5.473872 6.186250 10.500119
5.498560 6.192654 10.500127
5.522472 6.198338 10.500135
5.545597 6.203297 10.500143
5.567925 6.207523 10.500152
5.589445 6.211010 10.500160
5.610148 6.213752 10.500168
5.630023 6.215742 10.500177
5.649059 6.216973 10.500185
5.667247 6.217440 10.500193
5.684576 6.217135 10.500202
5.701036 6.216053 10.500210
5.716617 6.214186 10.500219
5.731307 6.211529 10.500227
5.745098 6.208074 10.500235
5.757978 6.203816 10.500244
5.769937 6.198748 10.500252
5.780966 6.192863 10.500260
5.791053 6.186155 10.500268
5.800189 6.178618 10.500276
5.808363 6.170244 10.500284
5.815564 6.161028 10.500293
5.821783 6.150963 10.500301
5.827010 6.140043 10.500308
5.831233 6.128261 10.500316
5.834443 6.115610 10.500324
5.836629 6.102085 10.500332
5.837781 6.087678 10.500339
5.837889 6.072384 10.500347
5.836943 6.056195 10.500354
5.834931 6.039106 10.500362
5.831845 6.021109 10.500369
5.827673 6.002199 10.500376
5.822405 5.982368 10.500383
5.816031 5.961611 10.500390
5.808541 5.939921 10.500397
5.799924 5.917292 10.500403
5.790170 5.893716 10.500410
5.779269 5.869188 10.500416
5.767211 5.843701 10.500422
5.753984 5.817249 10.500428
5.739580 5.789824 10.500434
5.723987 5.761422 10.500440
5.707195 5.732034 10.500446
5.689194 5.701655 10.500451
5.669974 5.670278 10.500456
5.649524 5.637897 10.500461
5.627834 5.604506 10.500466
5.604894 5.570097 10.500471
5.580694 5.534665 10.500476
5.555223 5.498202 10.500480
5.528470 5.460703 10.500484
5.500426 5.422160 10.500488
5.471081 5.382569 10.500492
5.440423 5.341921 10.500495
5.408443 5.300210 10.500498
5.375130 5.257431 10.500501
5.340475 5.213576 10.500504
5.304466 5.168640 10.500507
5.267094 5.122614 10.500509
5.228348 5.075495 10.500511
5.188217 5.027273 10.500513
5.146693 4.977944 10.500515
5.103764 4.927501 10.500516
5.059419 4.875937 10.500517
5.013650 4.823246 10.500518
4.966444 4.769421 10.500518
4.917793 4.714456 10.500518
4.867686 4.658345 10.500518
4.816112 4.601080 10.500518
4.763061 4.542656 10.500517
4.708523 4.483065 10.500516
4.652488 4.422303 10.500515
4.594945 4.360361 10.500514
4.535884 4.297234 10.500512
4.475295 4.232915 10.500510
4.413167 4.167397 10.500507
4.349491 4.100675 10.500504
4.284255 4.032741 10.500501
4.217449 3.963590 10.500497
4.149064 3.893214 10.500494
4.079089 3.821608 10.500489
4.007513 3.748764 10.500485
3.934327 3.674677 10.500480
3.859519 3.599339 10.500475
3.783081 3.522745 10.500469
3.705001 3.444888 10.500463
3.625269 3.365761 10.500456
3.543874 3.285358 10.500450
3.460808 3.203673 10.500442
3.376058 3.120699 10.500435
3.289616 3.036429 10.500427
3.201470 2.950857 10.500418
3.111610 2.863977 10.500410
3.020026 2.775782 10.500400
2.926708 2.686266 10.500391
2.831646 2.595422 10.500381
2.734829 2.503244 10.500370
2.636246 2.409725 10.500359
2.535888 2.314858 10.500348
2.433744 2.218639 10.500336
2.329805 2.121058 10.500324
2.224059 2.022112 10.500311
2.116496 1.921792 10.500298
2.007106 1.820092 10.500285
1.895879 1.717007 10.500270
1.782804 1.612529 10.500256
1.667872 1.506652 10.500241
1.551071 1.399370 10.500225
1.432392 1.290675 10.500209
1.311825 1.180563 10.500193
1.189358 1.069025 10.500176
1.064982 0.956056 10.500158
0.938686 0.841649 10.500140
0.810460 0.725798 10.500122
0.680294 0.608497 10.500103
0.548178 0.489738 10.500083
0.414100 0.369515 10.500063
0.278052 0.247822 10.500043
0.140022 0.124653 10.500022
-0.000000 -0.000000 10.500000
